20
30, 125.766670,29.924999
125.778259,30.310413,100.000000
125.872345,30.299900,100.000000
125.961761,30.272938,100.000000
126.042557,30.230721,100.000000
126.111168,30.175110,100.000000
126.164604,30.108562,100.000000
126.200546,30.034000,100.000000
126.217461,29.954700,100.000000
126.214661,29.874134,100.000000
126.192307,29.795824,100.000000
126.151436,29.723181,100.000000
126.093849,29.659361,100.000000
126.022095,29.607136,100.000000
125.939278,29.568766,100.000000
125.849007,29.545912,100.000000
125.755180,29.539562,100.000000
125.661850,29.549988,100.000000
125.573044,29.576742,100.000000
125.492607,29.618668,100.000000
125.424034,29.673948,100.000000
125.370323,29.740191,100.000000
125.333824,29.814518,100.000000
125.316177,29.893700,100.000000
125.318199,29.974281,100.000000
125.339851,30.052742,100.000000
125.380226,30.125641,100.000000
125.437607,30.189777,100.000000
125.515167,30.235374,100.000000
125.592728,30.280975,100.000000
125.707024,30.197636,100.000000
30, 125.766670, 29.924999
125.789597,30.684467,300.000000
125.975754,30.663666,300.000000
126.152550,30.610332,300.000000
126.312088,30.526848,300.000000
126.447319,30.416943,300.000000
126.552330,30.285507,300.000000
126.622604,30.138359,300.000000
126.655228,29.981993,300.000000
126.492020,29.841822,300.000000
126.415779,29.727287,300.000000
126.523262,29.526197,300.000000
126.250038,29.531719,300.000000
126.268341,29.298130,300.000000
126.105560,29.222775,300.000000
125.928291,29.177904,300.000000
125.746506,29.246584,300.000000
125.560905,29.185907,300.000000
125.395439,29.254749,300.000000
125.228325,29.320782,300.000000
125.093254,29.429409,300.000000
125.143951,29.633753,300.000000
125.066109,29.745316,300.000000
124.879272,29.861799,300.000000
124.882500,30.020596,300.000000
125.244896,30.080917,300.000000
125.058113,30.291309,300.000000
125.116402,30.445927,300.000000
125.269501,30.536079,300.000000
125.422592,30.626228,300.000000
125.694382,30.255215,300.000000
36, 125.766670, 29.924999
125.793053,30.797810,500.000000
125.972054,30.780514,500.000000
126.144630,30.736988,500.000000
126.305405,30.668587,500.000000
126.449409,30.577446,500.000000
126.572212,30.466396,500.000000
126.670113,30.338886,500.000000
126.740196,30.198841,500.000000
126.780441,30.050568,500.000000
126.789780,29.898594,500.000000
126.706139,29.758764,500.000000
126.618378,29.635666,500.000000
126.635628,29.466297,500.000000
126.529114,29.344563,500.000000
126.399864,29.240417,500.000000
126.251778,29.156965,500.000000
126.089302,29.096685,500.000000
125.917267,29.061371,500.000000
125.740776,29.052063,500.000000
125.579514,29.130939,500.000000
125.395302,29.111803,500.000000
125.236549,29.179077,500.000000
125.093536,29.268869,500.000000
124.970558,29.378506,500.000000
124.945015,29.539679,500.000000
124.858765,29.661369,500.000000
124.755737,29.791361,500.000000
124.743065,29.943161,500.000000
124.844681,30.080826,500.000000
125.127312,30.137276,500.000000
124.889099,30.377666,500.000000
124.994629,30.500751,500.000000
125.134033,30.595905,500.000000
125.273445,30.691059,500.000000
125.438210,30.752369,500.000000
125.676979,30.431702,500.000000
45, 125.766670, 29.924999
125.796173,30.899799,1000.000000
125.956657,30.886711,1000.000000
126.113327,30.854706,1000.000000
126.263039,30.804428,1000.000000
126.402794,30.736889,1000.000000
126.529831,30.653439,1000.000000
126.641655,30.555748,1000.000000
126.736092,30.445755,1000.000000
126.811340,30.325649,1000.000000
126.865997,30.197796,1000.000000
126.899071,30.064709,1000.000000
126.910027,29.928999,1000.000000
126.898735,29.793306,1000.000000
126.865509,29.660265,1000.000000
126.811096,29.532448,1000.000000
126.736610,29.412312,1000.000000
126.643555,29.302164,1000.000000
126.533768,29.204111,1000.000000
126.409386,29.120020,1000.000000
126.272804,29.051493,1000.000000
126.126640,28.999830,1000.000000
125.973663,28.966009,1000.000000
125.816772,28.950674,1000.000000
125.658936,28.954111,1000.000000
125.503136,28.976259,1000.000000
125.352318,29.016695,1000.000000
125.209335,29.074656,1000.000000
125.076927,29.149042,1000.000000
124.957619,29.238438,1000.000000
124.853714,29.341145,1000.000000
124.767258,29.455200,1000.000000
124.739265,29.591398,1000.000000
124.653175,29.708441,1000.000000
124.627914,29.842754,1000.000000
124.624741,29.978762,1000.000000
124.643814,30.113819,1000.000000
124.684875,30.245289,1000.000000
124.747192,30.370594,1000.000000
124.829643,30.487267,1000.000000
124.930664,30.593002,1000.000000
125.202118,30.524261,1000.000000
125.180313,30.763508,1000.000000
125.324043,30.824875,1000.000000
125.476654,30.868568,1000.000000
125.635094,30.893711,1000.000000
45, 125.766670, 29.924999
125.798950,30.990437,1500.000000
125.974533,30.976116,1500.000000
126.145935,30.941097,1500.000000
126.309692,30.886093,1500.000000
126.462532,30.812210,1500.000000
126.601418,30.720928,1500.000000
126.723625,30.614079,1500.000000
126.826790,30.493790,1500.000000
126.908928,30.362457,1500.000000
126.968529,30.222672,1500.000000
127.004524,30.077187,1500.000000
127.016319,29.928848,1500.000000
127.003815,29.780552,1500.000000
126.967354,29.635172,1500.000000
126.907745,29.495518,1500.000000
126.826248,29.364271,1500.000000
126.724495,29.243948,1500.000000
126.604500,29.136847,1500.000000
126.468597,29.045004,1500.000000
126.319397,28.970163,1500.000000
126.159760,28.913744,1500.000000
125.992699,28.876810,1500.000000
125.821381,28.860064,1500.000000
125.649025,28.863819,1500.000000
125.478897,28.888002,1500.000000
125.314186,28.932163,1500.000000
125.158020,28.995461,1500.000000
125.013367,29.076700,1500.000000
124.882988,29.174341,1500.000000
124.769409,29.286528,1500.000000
124.674843,29.411123,1500.000000
124.601181,29.545746,1500.000000
124.549919,29.687815,1500.000000
124.522148,29.834591,1500.000000
124.518509,29.983236,1500.000000
124.539192,30.130867,1500.000000
124.583916,30.274593,1500.000000
124.651901,30.411602,1500.000000
124.741928,30.539188,1500.000000
124.852303,30.654827,1500.000000
125.014442,30.721157,1500.000000
125.125237,30.841328,1500.000000
125.282433,30.908463,1500.000000
125.449371,30.956268,1500.000000
125.622711,30.983776,1500.000000
45, 125.766670, 29.924999
125.801384,31.069725,2000.000000
125.990204,31.054321,2000.000000
126.174507,31.016666,2000.000000
126.350571,30.957520,2000.000000
126.514870,30.878075,2000.000000
126.664131,30.779930,2000.000000
126.795425,30.665058,2000.000000
126.906204,30.535755,2000.000000
126.994362,30.394592,2000.000000
127.058266,30.244362,2000.000000
127.096786,30.088024,2000.000000
127.109306,29.928644,2000.000000
127.095703,29.769323,2000.000000
127.056389,29.613155,2000.000000
126.992233,29.463152,2000.000000
126.904587,29.322195,2000.000000
126.795219,29.192982,2000.000000
126.666298,29.077974,2000.000000
126.520317,28.979359,2000.000000
126.360092,28.899004,2000.000000
126.188683,28.838428,2000.000000
126.009323,28.798779,2000.000000
125.825401,28.780800,2000.000000
125.640373,28.784830,2000.000000
125.457726,28.810795,2000.000000
125.280884,28.858204,2000.000000
125.113197,28.926165,2000.000000
124.957840,29.013391,2000.000000
124.817787,29.118237,2000.000000
124.695740,29.238707,2000.000000
124.594078,29.372513,2000.000000
124.514839,29.517101,2000.000000
124.459641,29.669703,2000.000000
124.429649,29.827377,2000.000000
124.425575,29.987080,2000.000000
124.447639,30.145706,2000.000000
124.495544,30.300163,2000.000000
124.568481,30.447411,2000.000000
124.665123,30.584553,2000.000000
124.783669,30.708866,2000.000000
124.921852,30.817867,2000.000000
125.076973,30.909386,2000.000000
125.245964,30.981571,2000.000000
125.425461,31.032978,2000.000000
125.611855,31.062561,2000.000000
45, 125.766670, 29.924999
125.803123,31.126324,2500.000000
126.001404,31.110149,2500.000000
126.194931,31.070606,2500.000000
126.379791,31.008495,2500.000000
126.552277,30.925076,2500.000000
126.708946,30.822029,2500.000000
126.846725,30.701427,2500.000000
126.962936,30.565681,2500.000000
127.055382,30.417496,2500.000000
127.122353,30.259808,2500.000000
127.162666,30.095722,2500.000000
127.175674,29.928455,2500.000000
127.161293,29.761269,2500.000000
127.119919,29.597403,2500.000000
127.052513,29.440016,2500.000000
126.960472,29.292131,2500.000000
126.845665,29.156576,2500.000000
126.710358,29.035931,2500.000000
126.557198,28.932486,2500.000000
126.389107,28.848198,2500.000000
126.209305,28.784660,2500.000000
126.021172,28.743073,2500.000000
125.828270,28.724215,2500.000000
125.634209,28.728441,2500.000000
125.442635,28.755676,2500.000000
125.257141,28.805403,2500.000000
125.081238,28.876688,2500.000000
124.918251,28.968185,2500.000000
124.771286,29.078165,2500.000000
124.643196,29.204544,2500.000000
124.536469,29.344921,2500.000000
124.453239,29.496618,2500.000000
124.395210,29.656734,2500.000000
124.363625,29.822187,2500.000000
124.359238,29.989780,2500.000000
124.382271,30.156261,2500.000000
124.432434,30.318375,2500.000000
124.508888,30.472942,2500.000000
124.610245,30.616909,2500.000000
124.734627,30.747417,2500.000000
124.879646,30.861862,2500.000000
125.042473,30.957954,2500.000000
125.219894,31.033756,2500.000000
125.408371,31.087734,2500.000000
125.604095,31.118801,2500.000000
60, 125.766670, 29.924999
125.805214,31.194248,3000.000000
125.962761,31.183762,3000.000000
126.118065,31.159290,3000.000000
126.269356,31.121113,3000.000000
126.414909,31.069668,3000.000000
126.553085,31.005543,3000.000000
126.682320,30.929466,3000.000000
126.801178,30.842304,3000.000000
126.908348,30.745041,3000.000000
127.002670,30.638779,3000.000000
127.083138,30.524704,3000.000000
127.148895,30.404095,3000.000000
127.199287,30.278297,3000.000000
127.233810,30.148705,3000.000000
127.252159,30.016750,3000.000000
127.254196,29.883883,3000.000000
127.239975,29.751556,3000.000000
127.209724,29.621214,3000.000000
127.163826,29.494272,3000.000000
127.102844,29.372101,3000.000000
127.027481,29.256020,3000.000000
126.938606,29.147274,3000.000000
126.837204,29.047028,3000.000000
126.724396,28.956354,3000.000000
126.601402,28.876217,3000.000000
126.469559,28.807472,3000.000000
126.330276,28.750845,3000.000000
126.185036,28.706938,3000.000000
126.035378,28.676216,3000.000000
125.882889,28.659004,3000.000000
125.729172,28.655483,3000.000000
125.575851,28.665693,3000.000000
125.424545,28.689524,3000.000000
125.276840,28.726723,3000.000000
125.134315,28.776897,3000.000000
124.998482,28.839516,3000.000000
124.870781,28.913916,3000.000000
124.752594,28.999302,3000.000000
124.645203,29.094770,3000.000000
124.549774,29.199301,3000.000000
124.467369,29.311773,3000.000000
124.398926,29.430984,3000.000000
124.345215,29.555651,3000.000000
124.306885,29.684425,3000.000000
124.284409,29.815912,3000.000000
124.278099,29.948685,3000.000000
124.288094,30.081291,3000.000000
124.314362,30.212273,3000.000000
124.356667,30.340191,3000.000000
124.414619,30.463631,3000.000000
124.487648,30.581215,3000.000000
124.574982,30.691639,3000.000000
124.675705,30.793655,3000.000000
124.788734,30.886124,3000.000000
124.912819,30.967999,3000.000000
125.046600,31.038345,3000.000000
125.188568,31.096371,3000.000000
125.337135,31.141411,3000.000000
125.490601,31.172955,3000.000000
125.647224,31.190632,3000.000000
60, 125.766670, 29.924999
125.807304,31.262165,3500.000000
125.973412,31.251106,3500.000000
126.137154,31.225304,3500.000000
126.296646,31.185055,3500.000000
126.450073,31.130817,3500.000000
126.595703,31.063217,3500.000000
126.731895,30.983017,3500.000000
126.857124,30.891140,3500.000000
126.970024,30.788620,3500.000000
127.069351,30.676620,3500.000000
127.154060,30.556396,3500.000000
127.223251,30.429298,3500.000000
127.276237,30.296738,3500.000000
127.312492,30.160194,3500.000000
127.331703,30.021168,3500.000000
127.333733,29.881193,3500.000000
127.318634,29.741798,3500.000000
127.286659,29.604504,3500.000000
127.238205,29.470798,3500.000000
127.173882,29.342129,3500.000000
127.094437,29.219877,3500.000000
127.000771,29.105360,3500.000000
126.893929,28.999800,3500.000000
126.775093,28.904322,3500.000000
126.645561,28.819942,3500.000000
126.506714,28.747559,3500.000000
126.360054,28.687939,3500.000000
126.207130,28.641710,3500.000000
126.049568,28.609365,3500.000000
125.889023,28.591246,3500.000000
125.727196,28.587540,3500.000000
125.565781,28.598288,3500.000000
125.406479,28.623377,3500.000000
125.250969,28.662542,3500.000000
125.100899,28.715368,3500.000000
124.957863,28.781300,3500.000000
124.823380,28.859634,3500.000000
124.698891,28.949545,3500.000000
124.585747,29.050072,3500.000000
124.485191,29.160147,3500.000000
124.398338,29.278595,3500.000000
124.326157,29.404142,3500.000000
124.269485,29.535446,3500.000000
124.229004,29.671083,3500.000000
124.205215,29.809591,3500.000000
124.198448,29.949461,3500.000000
124.208862,30.089165,3500.000000
124.236412,30.227169,3500.000000
124.280876,30.361958,3500.000000
124.341835,30.492035,3500.000000
124.418694,30.615955,3500.000000
124.510651,30.732334,3500.000000
124.616737,30.839863,3500.000000
124.735809,30.937332,3500.000000
124.866570,31.023636,3500.000000
125.007561,31.097801,3500.000000
125.157204,31.158974,3500.000000
125.313812,31.206459,3500.000000
125.475601,31.239712,3500.000000
125.640732,31.258350,3500.000000
90, 125.766670, 29.924999
125.809052,31.318733,4000.000000
125.924728,31.312763,4000.000000
126.039597,31.299927,4000.000000
126.153069,31.280289,4000.000000
126.264565,31.253948,4000.000000
126.373528,31.221046,4000.000000
126.479401,31.181744,4000.000000
126.581642,31.136246,4000.000000
126.679749,31.084778,4000.000000
126.773232,31.027607,4000.000000
126.861626,30.965023,4000.000000
126.944496,30.897335,4000.000000
127.021431,30.824894,4000.000000
127.092079,30.748058,4000.000000
127.156090,30.667213,4000.000000
127.213165,30.582764,4000.000000
127.263046,30.495129,4000.000000
127.305504,30.404747,4000.000000
127.340355,30.312061,4000.000000
127.367447,30.217533,4000.000000
127.386673,30.121628,4000.000000
127.397964,30.024811,4000.000000
127.401291,29.927557,4000.000000
127.396667,29.830341,4000.000000
127.384140,29.733633,4000.000000
127.363785,29.637903,4000.000000
127.335732,29.543613,4000.000000
127.300133,29.451216,4000.000000
127.257179,29.361155,4000.000000
127.207108,29.273859,4000.000000
127.150162,29.189751,4000.000000
127.086632,29.109226,4000.000000
127.016846,29.032669,4000.000000
126.941132,28.960443,4000.000000
126.859871,28.892891,4000.000000
126.773453,28.830330,4000.000000
126.682297,28.773060,4000.000000
126.586830,28.721346,4000.000000
126.487518,28.675432,4000.000000
126.384827,28.635538,4000.000000
126.279236,28.601847,4000.000000
126.171249,28.574520,4000.000000
126.061363,28.553684,4000.000000
125.950111,28.539436,4000.000000
125.837997,28.531845,4000.000000
125.725548,28.530947,4000.000000
125.613289,28.536741,4000.000000
125.501755,28.549206,4000.000000
125.391449,28.568279,4000.000000
125.282906,28.593874,4000.000000
125.176620,28.625870,4000.000000
125.073105,28.664114,4000.000000
124.972832,28.708429,4000.000000
124.876289,28.758608,4000.000000
124.783936,28.814411,4000.000000
124.696198,28.875578,4000.000000
124.613510,28.941820,4000.000000
124.536270,29.012823,4000.000000
124.464859,29.088251,4000.000000
124.399612,29.167746,4000.000000
124.340874,29.250931,4000.000000
124.288925,29.337410,4000.000000
124.244034,29.426769,4000.000000
124.206444,29.518583,4000.000000
124.176346,29.612410,4000.000000
124.153908,29.707798,4000.000000
124.139267,29.804289,4000.000000
124.132507,29.901413,4000.000000
124.133698,29.998703,4000.000000
124.142853,30.095684,4000.000000
124.159958,30.191883,4000.000000
124.184944,30.286827,4000.000000
124.217720,30.380051,4000.000000
124.258148,30.471096,4000.000000
124.306053,30.559513,4000.000000
124.361221,30.644859,4000.000000
124.423401,30.726711,4000.000000
124.492294,30.804665,4000.000000
124.567574,30.878326,4000.000000
124.648888,30.947323,4000.000000
124.735840,31.011311,4000.000000
124.827995,31.069965,4000.000000
124.924911,31.122993,4000.000000
125.026093,31.170120,4000.000000
125.131042,31.211105,4000.000000
125.239227,31.245747,4000.000000
125.350098,31.273865,4000.000000
125.463097,31.295315,4000.000000
125.577644,31.309986,4000.000000
125.693161,31.317806,4000.000000
90, 125.766670, 29.924999
125.811150,31.386635,4500.000000
125.932556,31.380367,4500.000000
126.053108,31.366894,4500.000000
126.172203,31.346287,4500.000000
126.289215,31.318642,4500.000000
126.403557,31.284111,4500.000000
126.514641,31.242863,4500.000000
126.621925,31.195114,4500.000000
126.724846,31.141106,4500.000000
126.822914,31.081112,4500.000000
126.915619,31.015438,4500.000000
127.002525,30.944416,4500.000000
127.083206,30.868404,4500.000000
127.157265,30.787788,4500.000000
127.224350,30.702969,4500.000000
127.284164,30.614372,4500.000000
127.336411,30.522442,4500.000000
127.380867,30.427631,4500.000000
127.417336,30.330414,4500.000000
127.445671,30.231266,4500.000000
127.465744,30.130676,4500.000000
127.477501,30.029137,4500.000000
127.480904,29.927145,4500.000000
127.475967,29.825197,4500.000000
127.462746,29.723789,4500.000000
127.441315,29.623411,4500.000000
127.411819,29.524546,4500.000000
127.374420,29.427670,4500.000000
127.329323,29.333246,4500.000000
127.276756,29.241730,4500.000000
127.217003,29.153555,4500.000000
127.150352,29.069139,4500.000000
127.077148,28.988888,4500.000000
126.997742,28.913179,4500.000000
126.912529,28.842371,4500.000000
126.821915,28.776796,4500.000000
126.726349,28.716768,4500.000000
126.626266,28.662565,4500.000000
126.522163,28.614445,4500.000000
126.414520,28.572630,4500.000000
126.303856,28.537321,4500.000000
126.190674,28.508680,4500.000000
126.075516,28.486843,4500.000000
125.958916,28.471910,4500.000000
125.841415,28.463955,4500.000000
125.723572,28.463013,4500.000000
125.605927,28.469086,4500.000000
125.489037,28.482149,4500.000000
125.373436,28.502140,4500.000000
125.259674,28.528965,4500.000000
125.148277,28.562496,4500.000000
125.039772,28.602581,4500.000000
124.934669,28.649029,4500.000000
124.833458,28.701622,4500.000000
124.736633,28.760111,4500.000000
124.644646,28.824224,4500.000000
124.557938,28.893658,4500.000000
124.476936,28.968086,4500.000000
124.402023,29.047153,4500.000000
124.333580,29.130487,4500.000000
124.271942,29.217693,4500.000000
124.217415,29.308353,4500.000000
124.170288,29.402040,4500.000000
124.130798,29.498302,4500.000000
124.099159,29.596680,4500.000000
124.075554,29.696697,4500.000000
124.060112,29.797878,4500.000000
124.052940,29.899729,4500.000000
124.054100,30.001755,4500.000000
124.063614,30.103466,4500.000000
124.081459,30.204361,4500.000000
124.107582,30.303944,4500.000000
124.141884,30.401730,4500.000000
124.184212,30.497234,4500.000000
124.234390,30.589981,4500.000000
124.292191,30.679520,4500.000000
124.357353,30.765396,4500.000000
124.429573,30.847179,4500.000000
124.508507,30.924469,4500.000000
124.593781,30.996864,4500.000000
124.684975,31.064011,4500.000000
124.781647,31.125561,4500.000000
124.883316,31.181206,4500.000000
124.989479,31.230663,4500.000000
125.099594,31.273678,4500.000000
125.213120,31.310036,4500.000000
125.329475,31.339542,4500.000000
125.448059,31.362057,4500.000000
125.568283,31.377453,4500.000000
125.689522,31.385662,4500.000000
90, 125.766670, 29.924999
125.812904,31.443188,5000.000000
125.939087,31.436676,5000.000000
126.064384,31.422672,5000.000000
126.188156,31.401249,5000.000000
126.309769,31.372520,5000.000000
126.428596,31.336628,5000.000000
126.544037,31.293758,5000.000000
126.655510,31.244133,5000.000000
126.762451,31.188004,5000.000000
126.864334,31.125656,5000.000000
126.960640,31.057407,5000.000000
127.050911,30.983604,5000.000000
127.134697,30.904621,5000.000000
127.211594,30.820854,5000.000000
127.281250,30.732723,5000.000000
127.343330,30.640671,5000.000000
127.397545,30.545158,5000.000000
127.443665,30.446659,5000.000000
127.481483,30.345661,5000.000000
127.510834,30.242661,5000.000000
127.531616,30.138172,5000.000000
127.543755,30.032700,5000.000000
127.547211,29.926764,5000.000000
127.542007,29.820875,5000.000000
127.528198,29.715553,5000.000000
127.505875,29.611303,5000.000000
127.475174,29.508631,5000.000000
127.436272,29.408026,5000.000000
127.389374,29.309975,5000.000000
127.334732,29.214941,5000.000000
127.272636,29.123383,5000.000000
127.203384,29.035730,5000.000000
127.127327,28.952404,5000.000000
127.044846,28.873796,5000.000000
126.956345,28.800278,5000.000000
126.862244,28.732197,5000.000000
126.762993,28.669872,5000.000000
126.659081,28.613600,5000.000000
126.550987,28.563641,5000.000000
126.439232,28.520231,5000.000000
126.324333,28.483574,5000.000000
126.206833,28.453840,5000.000000
126.087280,28.431170,5000.000000
125.966240,28.415668,5000.000000
125.844269,28.407410,5000.000000
125.721931,28.406431,5000.000000
125.599808,28.412737,5000.000000
125.478455,28.426298,5000.000000
125.358452,28.447050,5000.000000
125.240341,28.474899,5000.000000
125.124695,28.509710,5000.000000
125.012039,28.551325,5000.000000
124.902916,28.599546,5000.000000
124.797829,28.654148,5000.000000
124.697281,28.714874,5000.000000
124.601753,28.781439,5000.000000
124.511696,28.853529,5000.000000
124.427559,28.930805,5000.000000
124.349739,29.012901,5000.000000
124.278625,29.099430,5000.000000
124.214569,29.189981,5000.000000
124.157898,29.284124,5000.000000
124.108894,29.381411,5000.000000
124.067818,29.481377,5000.000000
124.034897,29.583542,5000.000000
124.010307,29.687418,5000.000000
123.994202,29.792501,5000.000000
123.986679,29.898287,5000.000000
123.987808,30.004261,5000.000000
123.997612,30.109909,5000.000000
124.016075,30.214714,5000.000000
124.043137,30.318161,5000.000000
124.078690,30.419746,5000.000000
124.122597,30.518967,5000.000000
124.174660,30.615330,5000.000000
124.234657,30.708355,5000.000000
124.302299,30.797585,5000.000000
124.377289,30.882565,5000.000000
124.459267,30.962875,5000.000000
124.547836,31.038109,5000.000000
124.642563,31.107883,5000.000000
124.742996,31.171852,5000.000000
124.848633,31.229679,5000.000000
124.958939,31.281078,5000.000000
125.073372,31.325787,5000.000000
125.191345,31.363571,5000.000000
125.312271,31.394241,5000.000000
125.435524,31.417641,5000.000000
125.560471,31.433647,5000.000000
125.686485,31.442177,5000.000000
90, 125.766670, 29.924999
125.814659,31.499737,5500.000000
125.945625,31.492977,5500.000000
126.075676,31.478439,5500.000000
126.204132,31.456207,5500.000000
126.330345,31.426388,5500.000000
126.453667,31.389137,5500.000000
126.573463,31.344643,5500.000000
126.689133,31.293140,5500.000000
126.800095,31.234886,5500.000000
126.905792,31.170181,5500.000000
127.005699,31.099358,5500.000000
127.099327,31.022770,5500.000000
127.186226,30.940811,5500.000000
127.265968,30.853889,5500.000000
127.338181,30.762444,5500.000000
127.402519,30.666935,5500.000000
127.458710,30.567841,5500.000000
127.506477,30.465649,5500.000000
127.545639,30.360870,5500.000000
127.576012,30.254025,5500.000000
127.597488,30.145634,5500.000000
127.609993,30.036228,5500.000000
127.613503,29.926346,5500.000000
127.608032,29.816521,5500.000000
127.593628,29.707285,5500.000000
127.570404,29.599167,5500.000000
127.538498,29.492687,5500.000000
127.498085,29.388357,5500.000000
127.449387,29.286676,5500.000000
127.392670,29.188131,5500.000000
127.328224,29.093189,5500.000000
127.256371,29.002304,5500.000000
127.177467,28.915905,5500.000000
127.091911,28.834400,5500.000000
127.000114,28.758175,5500.000000
126.902527,28.687590,5500.000000
126.799606,28.622972,5500.000000
126.691856,28.564631,5500.000000
126.579781,28.512836,5500.000000
126.463913,28.467833,5500.000000
126.344788,28.429829,5500.000000
126.222977,28.399004,5500.000000
126.099037,28.375502,5500.000000
125.973557,28.359432,5500.000000
125.847107,28.350870,5500.000000
125.720291,28.349854,5500.000000
125.593689,28.356392,5500.000000
125.467888,28.370451,5500.000000
125.343483,28.391964,5500.000000
125.221039,28.420835,5500.000000
125.101143,28.456926,5500.000000
124.984344,28.500069,5500.000000
124.871193,28.550060,5500.000000
124.762230,28.606668,5500.000000
124.657967,28.669628,5500.000000
124.558899,28.738642,5500.000000
124.465500,28.813387,5500.000000
124.378227,28.893509,5500.000000
124.297493,28.978632,5500.000000
124.223709,29.068354,5500.000000
124.157242,29.162249,5500.000000
124.098412,29.259871,5500.000000
124.047539,29.360756,5500.000000
124.004875,29.464422,5500.000000
123.970665,29.570375,5500.000000
123.945091,29.678104,5500.000000
123.928307,29.787092,5500.000000
123.920425,29.896811,5500.000000
123.921516,30.006729,5500.000000
123.931610,30.116314,5500.000000
123.950684,30.225033,5500.000000
123.978676,30.332348,5500.000000
124.015488,30.437733,5500.000000
124.060959,30.540668,5500.000000
124.114906,30.640644,5500.000000
124.177086,30.737164,5500.000000
124.247223,30.829746,5500.000000
124.324974,30.917927,5500.000000
124.409988,31.001259,5500.000000
124.501846,31.079330,5500.000000
124.600113,31.151741,5500.000000
124.704308,31.218124,5500.000000
124.813911,31.278141,5500.000000
124.928368,31.331486,5500.000000
125.047119,31.377884,5500.000000
125.169556,31.417103,5500.000000
125.295052,31.448933,5500.000000
125.422966,31.473221,5500.000000
125.552658,31.489834,5500.000000
125.683441,31.498688,5500.000000
90, 125.766670, 29.924999
125.816414,31.556278,6000.000000
125.952171,31.549271,6000.000000
126.086975,31.534203,6000.000000
126.220131,31.511158,6000.000000
126.350945,31.480247,6000.000000
126.478760,31.441631,6000.000000
126.602921,31.395515,6000.000000
126.722794,31.342133,6000.000000
126.837776,31.281754,6000.000000
126.947289,31.214691,6000.000000
127.050797,31.141285,6000.000000
127.147789,31.061913,6000.000000
127.237785,30.976974,6000.000000
127.320366,30.886898,6000.000000
127.395134,30.792137,6000.000000
127.461746,30.693169,6000.000000
127.519890,30.590488,6000.000000
127.569313,30.484608,6000.000000
127.609802,30.376049,6000.000000
127.641190,30.265350,6000.000000
127.663361,30.153061,6000.000000
127.676239,30.039722,6000.000000
127.679787,29.925896,6000.000000
127.674034,29.812132,6000.000000
127.659042,29.698984,6000.000000
127.634911,29.586998,6000.000000
127.601784,29.476713,6000.000000
127.559860,29.368660,6000.000000
127.509369,29.263353,6000.000000
127.450569,29.161297,6000.000000
127.383766,29.062977,6000.000000
127.309311,28.968859,6000.000000
127.227562,28.879391,6000.000000
127.138931,28.794992,6000.000000
127.043846,28.716063,6000.000000
126.942764,28.642973,6000.000000
126.836182,28.576067,6000.000000
126.724594,28.515657,6000.000000
126.608536,28.462030,6000.000000
126.488564,28.415432,6000.000000
126.365219,28.376085,6000.000000
126.239098,28.344170,6000.000000
126.110779,28.319836,6000.000000
125.980865,28.303198,6000.000000
125.849953,28.294333,6000.000000
125.718651,28.293282,6000.000000
125.587578,28.300051,6000.000000
125.457336,28.314606,6000.000000
125.328529,28.336882,6000.000000
125.201759,28.366772,6000.000000
125.077614,28.404140,6000.000000
124.956673,28.448809,6000.000000
124.839508,28.500572,6000.000000
124.726669,28.559185,6000.000000
124.618690,28.624374,6000.000000
124.516083,28.695835,6000.000000
124.419342,28.773232,6000.000000
124.328934,28.856199,6000.000000
124.245293,28.944345,6000.000000
124.168839,29.037258,6000.000000
124.099945,29.134493,6000.000000
124.038971,29.235592,6000.000000
123.986214,29.340075,6000.000000
123.941963,29.447441,6000.000000
123.906456,29.557177,6000.000000
123.879890,29.668758,6000.000000
123.862427,29.781649,6000.000000
123.854187,29.895300,6000.000000
123.855232,30.009167,6000.000000
123.865601,30.122688,6000.000000
123.885284,30.235313,6000.000000
123.914200,30.346497,6000.000000
123.952263,30.455681,6000.000000
123.999306,30.562332,6000.000000
124.055130,30.665924,6000.000000
124.119492,30.765938,6000.000000
124.192101,30.861877,6000.000000
124.272621,30.953259,6000.000000
124.360664,31.039619,6000.000000
124.455826,31.120529,6000.000000
124.557632,31.195576,6000.000000
124.665581,31.264378,6000.000000
124.779152,31.326584,6000.000000
124.897766,31.381874,6000.000000
125.020836,31.429970,6000.000000
125.147728,31.470619,6000.000000
125.277809,31.503616,6000.000000
125.410400,31.528793,6000.000000
125.544823,31.546013,6000.000000
125.680397,31.555191,6000.000000
90, 125.766670, 29.924999
125.818527,31.624165,6500.000000
125.960045,31.616859,6500.000000
126.100563,31.601151,6500.000000
126.239357,31.577126,6500.000000
126.375717,31.544903,6500.000000
126.508934,31.504654,6500.000000
126.638329,31.456581,6500.000000
126.763252,31.400936,6500.000000
126.883064,31.338005,6500.000000
126.997169,31.268108,6500.000000
127.104996,31.191601,6500.000000
127.206024,31.108879,6500.000000
127.299751,31.020363,6500.000000
127.385735,30.926495,6500.000000
127.463570,30.827751,6500.000000
127.532890,30.724628,6500.000000
127.593384,30.617641,6500.000000
127.644783,30.507324,6500.000000
127.686867,30.394226,6500.000000
127.719467,30.278908,6500.000000
127.742462,30.161930,6500.000000
127.755768,30.043873,6500.000000
127.759361,29.925308,6500.000000
127.753273,29.806818,6500.000000
127.737556,29.688974,6500.000000
127.712326,29.572346,6500.000000
127.677742,29.457495,6500.000000
127.633995,29.344973,6500.000000
127.581337,29.235315,6500.000000
127.520035,29.129047,6500.000000
127.450409,29.026672,6500.000000
127.372826,28.928679,6500.000000
127.287659,28.835526,6500.000000
127.195328,28.747656,6500.000000
127.096298,28.665482,6500.000000
126.991028,28.589390,6500.000000
126.880043,28.519737,6500.000000
126.763863,28.456850,6500.000000
126.643028,28.401022,6500.000000
126.518120,28.352516,6500.000000
126.389725,28.311554,6500.000000
126.258430,28.278332,6500.000000
126.124855,28.253002,6500.000000
125.989624,28.235682,6500.000000
125.853355,28.226454,6500.000000
125.716690,28.225361,6500.000000
125.580254,28.232405,6500.000000
125.444679,28.247557,6500.000000
125.310600,28.270746,6500.000000
125.178635,28.301861,6500.000000
125.049400,28.340759,6500.000000
124.923492,28.387260,6500.000000
124.801514,28.441145,6500.000000
124.684029,28.502163,6500.000000
124.571587,28.570030,6500.000000
124.464737,28.644424,6500.000000
124.363983,28.725002,6500.000000
124.269806,28.811380,6500.000000
124.182671,28.903156,6500.000000
124.103004,28.999893,6500.000000
124.031212,29.101139,6500.000000
123.967644,29.206409,6500.000000
123.912628,29.315207,6500.000000
123.866463,29.427011,6500.000000
123.829399,29.541290,6500.000000
123.801636,29.657495,6500.000000
123.783348,29.775068,6500.000000
123.774666,29.893442,6500.000000
123.775650,30.012043,6500.000000
123.786354,30.130291,6500.000000
123.806747,30.247616,6500.000000
123.836777,30.363438,6500.000000
123.876328,30.477188,6500.000000
123.925247,30.588306,6500.000000
123.983322,30.696239,6500.000000
124.050301,30.800453,6500.000000
124.125877,30.900421,6500.000000
124.209709,30.995647,6500.000000
124.301399,31.085648,6500.000000
124.400513,31.169971,6500.000000
124.506561,31.248184,6500.000000
124.619034,31.319893,6500.000000
124.737373,31.384731,6500.000000
124.860977,31.442364,6500.000000
124.989235,31.492496,6500.000000
125.121490,31.534870,6500.000000
125.257072,31.569267,6500.000000
125.395287,31.595509,6500.000000
125.535416,31.613461,6500.000000
125.676735,31.623028,6500.000000
90, 125.766670, 29.924999
125.819580,31.658005,7000.000000
125.963974,31.650551,7000.000000
126.107346,31.634525,7000.000000
126.248955,31.610008,7000.000000
126.388077,31.577133,7000.000000
126.523994,31.536068,7000.000000
126.656006,31.487019,7000.000000
126.783440,31.430244,7000.000000
126.905663,31.366039,7000.000000
127.022057,31.294727,7000.000000
127.132034,31.216675,7000.000000
127.235077,31.132282,7000.000000
127.330658,31.041977,7000.000000
127.418343,30.946220,7000.000000
127.497704,30.845490,7000.000000
127.568375,30.740295,7000.000000
127.630035,30.631161,7000.000000
127.682419,30.518635,7000.000000
127.725296,30.403271,7000.000000
127.758492,30.285645,7000.000000
127.781891,30.166332,7000.000000
127.795410,30.045921,7000.000000
127.799034,29.924997,7000.000000
127.792763,29.804152,7000.000000
127.776688,29.683968,7000.000000
127.750908,29.565025,7000.000000
127.715591,29.447899,7000.000000
127.670937,29.333149,7000.000000
127.617195,29.221325,7000.000000
127.554642,29.112957,7000.000000
127.483612,29.008564,7000.000000
127.404465,28.908636,7000.000000
127.317589,28.813650,7000.000000
127.223427,28.724051,7000.000000
127.122421,28.640261,7000.000000
127.015076,28.562674,7000.000000
126.901894,28.491652,7000.000000
126.783417,28.427530,7000.000000
126.660210,28.370607,7000.000000
126.532845,28.321148,7000.000000
126.401924,28.279385,7000.000000
126.268059,28.245510,7000.000000
126.131866,28.219685,7000.000000
125.993988,28.202024,7000.000000
125.855057,28.192616,7000.000000
125.715714,28.191502,7000.000000
125.576607,28.198685,7000.000000
125.438377,28.214132,7000.000000
125.301674,28.237776,7000.000000
125.167122,28.269501,7000.000000
125.035347,28.309162,7000.000000
124.906967,28.356575,7000.000000
124.782585,28.411518,7000.000000
124.662781,28.473734,7000.000000
124.548126,28.542933,7000.000000
124.439156,28.618790,7000.000000
124.336403,28.700951,7000.000000
124.240349,28.789028,7000.000000
124.151474,28.882610,7000.000000
124.070213,28.981256,7000.000000
123.996964,29.084497,7000.000000
123.932098,29.191847,7000.000000
123.875961,29.302794,7000.000000
123.828842,29.416811,7000.000000
123.790993,29.533354,7000.000000
123.762634,29.651863,7000.000000
123.743935,29.771770,7000.000000
123.735023,29.892496,7000.000000
123.735985,30.013458,7000.000000
123.746841,30.134064,7000.000000
123.767593,30.253731,7000.000000
123.798172,30.371864,7000.000000
123.838463,30.487892,7000.000000
123.888313,30.601238,7000.000000
123.947502,30.711338,7000.000000
124.015785,30.817642,7000.000000
124.092842,30.919624,7000.000000
124.178329,31.016766,7000.000000
124.271835,31.108582,7000.000000
124.372917,31.194607,7000.000000
124.481087,31.274403,7000.000000
124.595810,31.347561,7000.000000
124.716522,31.413712,7000.000000
124.842621,31.472511,7000.000000
124.973465,31.523663,7000.000000
125.108398,31.566898,7000.000000
125.246727,31.601994,7000.000000
125.387741,31.628769,7000.000000
125.530716,31.647083,7000.000000
125.674911,31.656845,7000.000000
90, 125.766670, 29.924999
125.821342,31.714535,7500.000000
125.970543,31.706833,7500.000000
126.118690,31.690273,7500.000000
126.265007,31.664940,7500.000000
126.408752,31.630970,7500.000000
126.549171,31.588535,7500.000000
126.685555,31.537857,7500.000000
126.817200,31.479198,7500.000000
126.943443,31.412861,7500.000000
127.063660,31.339184,7500.000000
127.177246,31.258545,7500.000000
127.283638,31.171360,7500.000000
127.382332,31.078072,7500.000000
127.472839,30.979153,7500.000000
127.554749,30.875099,7500.000000
127.627670,30.766441,7500.000000
127.691284,30.653717,7500.000000
127.745300,30.537498,7500.000000
127.789497,30.418350,7500.000000
127.823700,30.296875,7500.000000
127.847771,30.173660,7500.000000
127.861641,30.049316,7500.000000
127.865288,29.924450,7500.000000
127.858734,29.799667,7500.000000
127.842041,29.675575,7500.000000
127.815346,29.552771,7500.000000
127.778801,29.431843,7500.000000
127.732620,29.313375,7500.000000
127.677071,29.197929,7500.000000
127.612427,29.086060,7500.000000
127.539047,28.978292,7500.000000
127.457291,28.875141,7500.000000
127.367569,28.777090,7500.000000
127.270325,28.684605,7500.000000
127.166039,28.598116,7500.000000
127.055206,28.518032,7500.000000
126.938362,28.444729,7500.000000
126.816055,28.378546,7500.000000
126.688881,28.319794,7500.000000
126.557419,28.268745,7500.000000
126.422295,28.225641,7500.000000
126.284126,28.190681,7500.000000
126.143570,28.164026,7500.000000
126.001266,28.145800,7500.000000
125.857887,28.136089,7500.000000
125.714081,28.134937,7500.000000
125.570518,28.142351,7500.000000
125.427856,28.158297,7500.000000
125.286766,28.182697,7500.000000
125.147896,28.215441,7500.000000
125.011894,28.256376,7500.000000
124.879387,28.305311,7500.000000
124.750999,28.362017,7500.000000
124.627327,28.426233,7500.000000
124.508965,28.497656,7500.000000
124.396461,28.575954,7500.000000
124.290367,28.660761,7500.000000
124.191177,28.751677,7500.000000
124.099396,28.848276,7500.000000
124.015457,28.950104,7500.000000
123.939781,29.056679,7500.000000
123.872757,29.167500,7500.000000
123.814735,29.282038,7500.000000
123.766014,29.399748,7500.000000
123.726860,29.520071,7500.000000
123.697495,29.642429,7500.000000
123.678101,29.766233,7500.000000
123.668816,29.890890,7500.000000
123.669716,30.015793,7500.000000
123.680840,30.140339,7500.000000
123.702171,30.263912,7500.000000
123.733665,30.385918,7500.000000
123.775192,30.505749,7500.000000
123.826591,30.622814,7500.000000
123.887650,30.736530,7500.000000
123.958099,30.846336,7500.000000
124.037628,30.951675,7500.000000
124.125870,31.052025,7500.000000
124.222404,31.146877,7500.000000
124.326782,31.235748,7500.000000
124.438484,31.318184,7500.000000
124.556976,31.393772,7500.000000
124.681664,31.462116,7500.000000
124.811928,31.522869,7500.000000
124.947098,31.575722,7500.000000
125.086510,31.620392,7500.000000
125.229424,31.656658,7500.000000
125.375130,31.684322,7500.000000
125.522858,31.703251,7500.000000
125.671852,31.713337,7500.000000
120, 125.766670, 29.924999
125.823456,31.782410,8000.000000
125.939766,31.777275,8000.000000
126.055573,31.766956,8000.000000
126.170532,31.751480,8000.000000
126.284309,31.730896,8000.000000
126.396576,31.705265,8000.000000
126.507004,31.674656,8000.000000
126.615273,31.639164,8000.000000
126.721077,31.598892,8000.000000
126.824104,31.553959,8000.000000
126.924072,31.504490,8000.000000
127.020683,31.450634,8000.000000
127.113678,31.392544,8000.000000
127.202789,31.330391,8000.000000
127.287766,31.264351,8000.000000
127.368385,31.194614,8000.000000
127.444427,31.121380,8000.000000
127.515678,31.044861,8000.000000
127.581963,30.965271,8000.000000
127.643089,30.882839,8000.000000
127.698921,30.797798,8000.000000
127.749306,30.710384,8000.000000
127.794113,30.620850,8000.000000
127.833252,30.529442,8000.000000
127.866615,30.436417,8000.000000
127.894142,30.342030,8000.000000
127.915771,30.246548,8000.000000
127.931450,30.150230,8000.000000
127.941170,30.053349,8000.000000
127.944916,29.956163,8000.000000
127.942703,29.858944,8000.000000
127.934547,29.761951,8000.000000
127.920494,29.665455,8000.000000
127.900604,29.569714,8000.000000
127.874939,29.474987,8000.000000
127.843590,29.381529,8000.000000
127.806656,29.289593,8000.000000
127.764252,29.199427,8000.000000
127.716499,29.111267,8000.000000
127.663551,29.025354,8000.000000
127.605560,28.941916,8000.000000
127.542679,28.861172,8000.000000
127.475098,28.783339,8000.000000
127.403000,28.708622,8000.000000
127.326591,28.637218,8000.000000
127.246071,28.569319,8000.000000
127.161659,28.505100,8000.000000
127.073593,28.444731,8000.000000
126.982101,28.388371,8000.000000
126.887428,28.336168,8000.000000
126.789833,28.288261,8000.000000
126.689568,28.244774,8000.000000
126.586891,28.205818,8000.000000
126.482079,28.171499,8000.000000
126.375412,28.141907,8000.000000
126.267159,28.117115,8000.000000
126.157608,28.097193,8000.000000
126.047035,28.082188,8000.000000
125.935738,28.072144,8000.000000
125.824005,28.067081,8000.000000
125.712120,28.067020,8000.000000
125.600380,28.071957,8000.000000
125.489067,28.081877,8000.000000
125.378479,28.096758,8000.000000
125.268898,28.116560,8000.000000
125.160606,28.141230,8000.000000
125.053894,28.170704,8000.000000
124.949036,28.204906,8000.000000
124.846306,28.243748,8000.000000
124.745972,28.287125,8000.000000
124.648308,28.334923,8000.000000
124.553558,28.387020,8000.000000
124.461983,28.443277,8000.000000
124.373833,28.503548,8000.000000
124.289330,28.567673,8000.000000
124.208710,28.635485,8000.000000
124.132187,28.706802,8000.000000
124.059982,28.781439,8000.000000
123.992287,28.859198,8000.000000
123.929291,28.939871,8000.000000
123.871170,29.023245,8000.000000
123.818092,29.109100,8000.000000
123.770218,29.197205,8000.000000
123.727676,29.287325,8000.000000
123.690605,29.379221,8000.000000
123.659119,29.472643,8000.000000
123.633308,29.567341,8000.000000
123.613266,29.663061,8000.000000
123.599068,29.759542,8000.000000
123.590767,29.856524,8000.000000
123.588402,29.953741,8000.000000
123.592003,30.050930,8000.000000
123.601570,30.147823,8000.000000
123.617111,30.244156,8000.000000
123.638588,30.339664,8000.000000
123.665962,30.434078,8000.000000
123.699188,30.527142,8000.000000
123.738182,30.618595,8000.000000
123.782852,30.708179,8000.000000
123.833099,30.795647,8000.000000
123.888794,30.880753,8000.000000
123.949799,30.963253,8000.000000
124.015945,31.042915,8000.000000
124.087082,31.119514,8000.000000
124.163002,31.192829,8000.000000
124.243515,31.262657,8000.000000
124.328384,31.328793,8000.000000
124.417397,31.391045,8000.000000
124.510292,31.449238,8000.000000
124.606819,31.503201,8000.000000
124.706703,31.552780,8000.000000
124.809662,31.597832,8000.000000
124.915398,31.638222,8000.000000
125.023613,31.673832,8000.000000
125.133987,31.704559,8000.000000
125.246216,31.730320,8000.000000
125.359962,31.751030,8000.000000
125.474892,31.766632,8000.000000
125.590683,31.777081,8000.000000
125.706985,31.782345,8000.000000
120, 125.766670, 29.924999
125.826286,31.872757,9000.000000
125.948380,31.867367,9000.000000
126.069946,31.856533,9000.000000
126.190613,31.840286,9000.000000
126.310043,31.818680,9000.000000
126.427879,31.791771,9000.000000
126.543785,31.759644,9000.000000
126.657417,31.722389,9000.000000
126.768448,31.680115,9000.000000
126.876556,31.632950,9000.000000
126.981438,31.581028,9000.000000
127.082794,31.524502,9000.000000
127.180344,31.463535,9000.000000
127.273804,31.398308,9000.000000
127.362923,31.329002,9000.000000
127.447456,31.255821,9000.000000
127.527168,31.178974,9000.000000
127.601852,31.098682,9000.000000
127.671310,31.015175,9000.000000
127.735352,30.928688,9000.000000
127.793823,30.839470,9000.000000
127.846581,30.747768,9000.000000
127.893478,30.653843,9000.000000
127.934425,30.557961,9000.000000
127.969307,30.460384,9000.000000
127.998062,30.361389,9000.000000
128.020622,30.261246,9000.000000
128.036957,30.160236,9000.000000
128.047028,30.058636,9000.000000
128.050842,29.956726,9000.000000
128.048401,29.854784,9000.000000
128.039734,29.753086,9000.000000
128.024887,29.651911,9000.000000
128.003922,29.551535,9000.000000
127.976906,29.452225,9000.000000
127.943939,29.354250,9000.000000
127.905128,29.257875,9000.000000
127.860588,29.163359,9000.000000
127.810448,29.070951,9000.000000
127.754868,28.980900,9000.000000
127.694008,28.893446,9000.000000
127.628036,28.808819,9000.000000
127.557144,28.727245,9000.000000
127.481529,28.648941,9000.000000
127.401390,28.574112,9000.000000
127.316963,28.502954,9000.000000
127.228470,28.435656,9000.000000
127.136147,28.372395,9000.000000
127.040245,28.313335,9000.000000
126.941025,28.258635,9000.000000
126.838737,28.208435,9000.000000
126.733658,28.162867,9000.000000
126.626060,28.122049,9000.000000
126.516235,28.086088,9000.000000
126.404465,28.055080,9000.000000
126.291039,28.029104,9000.000000
126.176254,28.008230,9000.000000
126.060410,27.992510,9000.000000
125.943802,27.981983,9000.000000
125.826736,27.976683,9000.000000
125.709518,27.976616,9000.000000
125.592445,27.981789,9000.000000
125.475822,27.992184,9000.000000
125.359955,28.007776,9000.000000
125.245140,28.028522,9000.000000
125.131683,28.054373,9000.000000
125.019867,28.085257,9000.000000
124.909988,28.121094,9000.000000
124.802338,28.161791,9000.000000
124.697189,28.207243,9000.000000
124.594833,28.257330,9000.000000
124.495529,28.311920,9000.000000
124.399536,28.370872,9000.000000
124.307121,28.434031,9000.000000
124.218529,28.501230,9000.000000
124.133995,28.572294,9000.000000
124.053757,28.647034,9000.000000
123.978027,28.725256,9000.000000
123.907013,28.806749,9000.000000
123.840912,28.891302,9000.000000
123.779922,28.978689,9000.000000
123.724213,29.068678,9000.000000
123.673935,29.161030,9000.000000
123.629250,29.255499,9000.000000
123.590294,29.351830,9000.000000
123.557182,29.449766,9000.000000
123.530022,29.549046,9000.000000
123.508904,29.649401,9000.000000
123.493904,29.750559,9000.000000
123.485085,29.852245,9000.000000
123.482483,29.954185,9000.000000
123.486145,30.056103,9000.000000
123.496063,30.157711,9000.000000
123.512238,30.258739,9000.000000
123.534645,30.358906,9000.000000
123.563240,30.457935,9000.000000
123.597977,30.555550,9000.000000
123.638763,30.651478,9000.000000
123.685524,30.745453,9000.000000
123.738129,30.837215,9000.000000
123.796463,30.926498,9000.000000
123.860367,31.013054,9000.000000
123.929695,31.096642,9000.000000
124.004250,31.177013,9000.000000
124.083839,31.253948,9000.000000
124.168251,31.327225,9000.000000
124.257263,31.396629,9000.000000
124.350616,31.461964,9000.000000
124.448067,31.523037,9000.000000
124.549332,31.579678,9000.000000
124.654129,31.631714,9000.000000
124.762169,31.679001,9000.000000
124.873131,31.721394,9000.000000
124.986694,31.758778,9000.000000
125.102547,31.791035,9000.000000
125.220337,31.818073,9000.000000
125.339737,31.839813,9000.000000
125.460381,31.856194,9000.000000
125.581924,31.867161,9000.000000
125.704010,31.872688,9000.000000
120, 125.766670, 29.924999
125.828400,31.940380,10000.000000
125.954834,31.934799,10000.000000
126.080719,31.923580,10000.000000
126.205673,31.906757,10000.000000
126.329346,31.884380,10000.000000
126.451355,31.856514,10000.000000
126.571365,31.823246,10000.000000
126.689011,31.784668,10000.000000
126.803955,31.740898,10000.000000
126.915878,31.692059,10000.000000
127.024445,31.638298,10000.000000
127.129356,31.579769,10000.000000
127.230316,31.516647,10000.000000
127.327034,31.449112,10000.000000
127.419250,31.377361,10000.000000
127.506706,31.301598,10000.000000
127.589172,31.222042,10000.000000
127.666420,31.138927,10000.000000
127.738251,31.052483,10000.000000
127.804474,30.962959,10000.000000
127.864914,30.870609,10000.000000
127.919434,30.775696,10000.000000
127.967896,30.678486,10000.000000
128.010185,30.579250,10000.000000
128.046196,30.478268,10000.000000
128.075867,30.375820,10000.000000
128.099121,30.272190,10000.000000
128.115929,30.167667,10000.000000
128.126259,30.062538,10000.000000
128.130112,29.957088,10000.000000
128.127502,29.851612,10000.000000
128.118446,29.746393,10000.000000
128.102997,29.641720,10000.000000
128.081223,29.537872,10000.000000
128.053200,29.435135,10000.000000
128.019012,29.333782,10000.000000
127.978783,29.234087,10000.000000
127.932640,29.136316,10000.000000
127.880714,29.040731,10000.000000
127.823158,28.947586,10000.000000
127.760147,28.857128,10000.000000
127.691864,28.769600,10000.000000
127.618484,28.685228,10000.000000
127.540237,28.604240,10000.000000
127.457321,28.526850,10000.000000
127.369965,28.453257,10000.000000
127.278412,28.383657,10000.000000
127.182915,28.318233,10000.000000
127.083710,28.257156,10000.000000
126.981079,28.200588,10000.000000
126.875282,28.148674,10000.000000
126.766609,28.101549,10000.000000
126.655342,28.059340,10000.000000
126.541763,28.022154,10000.000000
126.426186,27.990088,10000.000000
126.308891,27.963226,10000.000000
126.190193,27.941639,10000.000000
126.070404,27.925383,10000.000000
125.949829,27.914499,10000.000000
125.828781,27.909016,10000.000000
125.707573,27.908949,10000.000000
125.586517,27.914297,10000.000000
125.465927,27.925047,10000.000000
125.346115,27.941170,10000.000000
125.227386,27.962626,10000.000000
125.110062,27.989355,10000.000000
124.994431,28.021292,10000.000000
124.880798,28.058352,10000.000000
124.769470,28.100437,10000.000000
124.660728,28.147440,10000.000000
124.554863,28.199238,10000.000000
124.452148,28.255693,10000.000000
124.352859,28.316658,10000.000000
124.257256,28.381977,10000.000000
124.165604,28.451473,10000.000000
124.078148,28.524969,10000.000000
123.995117,28.602268,10000.000000
123.916740,28.683170,10000.000000
123.843246,28.767458,10000.000000
123.774826,28.854912,10000.000000
123.711685,28.945299,10000.000000
123.653992,29.038382,10000.000000
123.601929,29.133909,10000.000000
123.555634,29.231628,10000.000000
123.515259,29.331278,10000.000000
123.480919,29.432592,10000.000000
123.452744,29.535299,10000.000000
123.430809,29.639122,10000.000000
123.415199,29.743778,10000.000000
123.405991,29.848988,10000.000000
123.403214,29.954462,10000.000000
123.406906,30.059914,10000.000000
123.417076,30.165054,10000.000000
123.433723,30.269596,10000.000000
123.456818,30.373253,10000.000000
123.486328,30.475731,10000.000000
123.522186,30.576756,10000.000000
123.564316,30.676037,10000.000000
123.612625,30.773300,10000.000000
123.666992,30.868275,10000.000000
123.727295,30.960693,10000.000000
123.793373,31.050289,10000.000000
123.865067,31.136814,10000.000000
123.942177,31.220016,10000.000000
124.024513,31.299660,10000.000000
124.111855,31.375519,10000.000000
124.203949,31.447376,10000.000000
124.300568,31.515018,10000.000000
124.401421,31.578255,10000.000000
124.506233,31.636898,10000.000000
124.614716,31.690777,10000.000000
124.726555,31.739742,10000.000000
124.841438,31.783642,10000.000000
124.959015,31.822350,10000.000000
125.078972,31.855751,10000.000000
125.200935,31.883751,10000.000000
125.324570,31.906265,10000.000000
125.449493,31.923229,10000.000000
125.575356,31.934586,10000.000000
125.701782,31.940311,10000.000000